0.010000 1.0000000 -0.098000 
0.020000 0.9990200 -0.196000 
0.030000 0.9970600 -0.294000 
0.040000 0.9941200 -0.392000 
0.050000 0.9902000 -0.490000 
0.060000 0.9853000 -0.588000 
0.070000 0.9794200 -0.686000 
0.080000 0.9725600 -0.784000 
0.090000 0.9647200 -0.882000 
0.100000 0.9559000 -0.980000 
0.110000 0.9461000 -1.078000 
0.120000 0.9353200 -1.176000 
0.130000 0.9235600 -1.274000 
0.140000 0.9108200 -1.372000 
0.150000 0.8971000 -1.470000 
0.160000 0.8824000 -1.568000 
0.170000 0.8667200 -1.666000 
0.180000 0.8500600 -1.764000 
0.190000 0.8324201 -1.862000 
0.200000 0.8138000 -1.960000 
0.210000 0.7942001 -2.058000 
0.220000 0.7736201 -2.156000 
0.230000 0.7520601 -2.254000 
0.240000 0.7295200 -2.352000 
0.250000 0.7060000 -2.450001 
0.260000 0.6815000 -2.548001 
0.270000 0.6560200 -2.646001 
0.280000 0.6295600 -2.744001 
0.290000 0.6021200 -2.842001 
0.300000 0.5737000 -2.940001 
0.310000 0.5443000 -3.038001 
0.320000 0.5139199 -3.136001 
0.330000 0.4825599 -3.234001 
0.340000 0.4502199 -3.332001 
0.350000 0.4168999 -3.430001 
0.360000 0.3825999 -3.528001 
0.370000 0.3473199 -3.626001 
0.380000 0.3110599 -3.724001 
0.390000 0.2738199 -3.822001 
0.400000 0.2355999 -3.920001 
0.410000 0.1963999 -4.018001 
0.420000 0.1562199 -4.116001 
0.430000 0.1150598 -4.214001 
0.440000 0.0729198 -4.312001 
0.450000 0.0297998 -4.410001 
0.460000 0.0143002 4.508001 
0.470000 0.0593802 4.410001 
0.480000 0.1034802 4.312001 
0.490000 0.1466002 4.214001 
0.500000 0.1887402 4.116001 
0.510000 0.2299002 4.018001 
0.520000 0.2700802 3.920001 
0.530000 0.3092802 3.822001 
0.540000 0.3475003 3.724001 
0.550000 0.3847403 3.626001 
0.560000 0.4210003 3.528001 
0.570000 0.4562803 3.430001 
0.580000 0.4905803 3.332001 
0.590000 0.5239003 3.234001 
0.600000 0.5562403 3.136001 
0.610000 0.5876003 3.038001 
0.620000 0.6179803 2.940001 
0.630000 0.6473803 2.842000 
0.640000 0.6758003 2.744000 
0.650000 0.7032403 2.646000 
0.660000 0.7297003 2.548000 
0.670000 0.7551804 2.450000 
0.680000 0.7796804 2.352000 
0.690000 0.8032004 2.254000 
0.700000 0.8257403 2.156000 
0.710000 0.8473004 2.058000 
0.720000 0.8678803 1.960000 
0.730000 0.8874803 1.862000 
0.740000 0.9061003 1.764000 
0.750000 0.9237403 1.666000 
0.760000 0.9404003 1.568000 
0.770000 0.9560803 1.470000 
0.780000 0.9707803 1.372000 
0.790000 0.9845003 1.274000 
0.800000 0.9972403 1.176000 
0.810000 1.0090003 1.078000 
0.820000 1.0197803 0.980000 
0.830000 1.0295802 0.882000 
0.839999 1.0384002 0.784000 
0.849999 1.0462402 0.686000 
0.859999 1.0531002 0.588000 
0.869999 1.0589802 0.490000 
0.879999 1.0638802 0.392000 
0.889999 1.0678002 0.294000 
0.899999 1.0707401 0.196000 
0.909999 1.0727001 0.098000 
0.919999 1.0736802 -0.000000 
0.929999 1.0736802 -0.098000 
0.939999 1.0727001 -0.196000 
0.949999 1.0707401 -0.294000 
0.959999 1.0678000 -0.392000 
0.969999 1.0638801 -0.490000 
0.979999 1.0589801 -0.588000 
0.989999 1.0531001 -0.686000 
0.999999 1.0462401 -0.784000 
1.009999 1.0384001 -0.882000 
1.019999 1.0295800 -0.980000 
1.029999 1.0197800 -1.078000 
1.039999 1.0090001 -1.176000 
1.049999 0.9972401 -1.274000 
1.059999 0.9845001 -1.372000 
1.069999 0.9707801 -1.470001 
1.079999 0.9560801 -1.568001 
1.089999 0.9404001 -1.666001 
1.099999 0.9237400 -1.764001 
1.109999 0.9061000 -1.862001 
1.119999 0.8874800 -1.960001 
1.129999 0.8678800 -2.058001 
1.139999 0.8473000 -2.156001 
1.149999 0.8257400 -2.254001 
1.159999 0.8031999 -2.352001 
1.169999 0.7796800 -2.450001 
1.179999 0.7551799 -2.548001 
1.189999 0.7296999 -2.646001 
1.199999 0.7032399 -2.744001 
1.209999 0.6757999 -2.842001 
1.219999 0.6473799 -2.940001 
1.229999 0.6179799 -3.038001 
1.239999 0.5875999 -3.136001 
1.249999 0.5562398 -3.234001 
1.259999 0.5238999 -3.332001 
1.269999 0.4905798 -3.430001 
1.279999 0.4562798 -3.528002 
1.289999 0.4209998 -3.626002 
1.299999 0.3847398 -3.724002 
1.309999 0.3474998 -3.822002 
1.319999 0.3092798 -3.920002 
1.329999 0.2700798 -4.018002 
1.339999 0.2298997 -4.116002 
1.349999 0.1887397 -4.214002 
1.359999 0.1465997 -4.312002 
1.369999 0.1034797 -4.410002 
1.379999 0.0593797 -4.508002 
1.389999 0.0142997 -4.606002 
1.399999 0.0317604 4.704002 
1.409999 0.0788004 4.606002 
1.419999 0.1248604 4.508002 
1.429999 0.1699404 4.410002 
1.439999 0.2140404 4.312002 
1.449999 0.2571605 4.214002 
1.459999 0.2993005 4.116002 
1.469999 0.3404605 4.018002 
1.479999 0.3806405 3.920002 
1.489999 0.4198405 3.822001 
1.499999 0.4580605 3.724001 
1.509999 0.4953005 3.626001 
1.519999 0.5315605 3.528001 
1.529999 0.5668405 3.430001 
1.539999 0.6011406 3.332001 
1.549999 0.6344606 3.234001 
1.559999 0.6668006 3.136001 
1.569999 0.6981606 3.038001 
1.579999 0.7285406 2.940001 
1.589999 0.7579406 2.842001 
1.599999 0.7863606 2.744001 
1.609999 0.8138006 2.646001 
1.619999 0.8402606 2.548001 
1.629999 0.8657407 2.450001 
1.639999 0.8902407 2.352001 
1.649999 0.9137607 2.254001 
1.659999 0.9363007 2.156001 
1.669999 0.9578607 2.058001 
1.679999 0.9784407 1.960001 
1.689999 0.9980407 1.862000 
1.699999 1.0166607 1.764000 
1.709999 1.0343007 1.666000 
1.719999 1.0509607 1.568000 
1.729999 1.0666406 1.470000 
1.739999 1.0813407 1.372000 
1.749999 1.0950607 1.274000 
1.759999 1.1078007 1.176000 
1.769999 1.1195607 1.078000 
1.779999 1.1303407 0.980000 
1.789999 1.1401407 0.882000 
1.799999 1.1489607 0.784000 
1.809999 1.1568007 0.686000 
1.819999 1.1636608 0.588000 
1.829999 1.1695408 0.490000 
1.839999 1.1744407 0.392000 
1.849999 1.1783607 0.294000 
1.859999 1.1813008 0.196000 
1.869999 1.1832608 0.098000 
1.879999 1.1842408 0.000000 
1.889999 1.1842408 -0.098000 
1.899999 1.1832608 -0.196000 
1.909999 1.1813008 -0.294000 
1.919999 1.1783608 -0.392000 
1.929999 1.1744409 -0.490000 
1.939999 1.1695409 -0.588000 
1.949998 1.1636609 -0.686000 
1.959998 1.1568009 -0.784000 
1.969998 1.1489608 -0.882000 
1.979998 1.1401408 -0.980000 
1.989998 1.1303408 -1.078000 
1.999998 1.1195608 -1.176000 
2.009999 1.1078008 -1.274000 
2.019999 1.0950608 -1.372000 
2.029999 1.0813408 -1.470000 
2.039999 1.0666407 -1.568000 
2.049999 1.0509608 -1.666000 
2.059999 1.0343008 -1.764000 
2.069999 1.0166608 -1.862000 
2.079998 0.9980408 -1.960000 
2.089998 0.9784408 -2.058000 
2.099998 0.9578608 -2.156000 
2.109998 0.9363008 -2.254000 
2.119998 0.9137608 -2.352000 
2.129998 0.8902408 -2.450001 
2.139998 0.8657408 -2.548001 
2.149998 0.8402607 -2.646001 
2.159998 0.8138008 -2.744001 
2.169998 0.7863607 -2.842001 
2.179998 0.7579407 -2.940001 
2.189998 0.7285407 -3.038001 
2.199998 0.6981607 -3.136001 
2.209998 0.6668007 -3.234001 
2.219998 0.6344607 -3.332001 
2.229998 0.6011407 -3.430001 
2.239998 0.5668406 -3.528001 
2.249998 0.5315607 -3.626001 
2.259998 0.4953007 -3.724001 
2.269998 0.4580607 -3.822001 
2.279998 0.4198406 -3.920001 
2.289998 0.3806406 -4.018001 
2.299998 0.3404606 -4.116001 
2.309998 0.2993006 -4.214001 
2.319998 0.2571606 -4.312001 
2.329998 0.2140406 -4.410001 
2.339998 0.1699406 -4.508001 
2.349998 0.1248606 -4.606001 
2.359998 0.0788006 -4.704001 
2.369998 0.0317605 -4.802001 
2.379998 0.0162595 4.900002 
2.389998 0.0652595 4.802001 
2.399998 0.1132795 4.704001 
2.409998 0.1603195 4.606001 
2.419998 0.2063795 4.508001 
2.429998 0.2514595 4.410001 
2.439998 0.2955596 4.312001 
2.449998 0.3386796 4.214001 
2.459998 0.3808196 4.116001 
2.469998 0.4219796 4.018001 
2.479998 0.4621596 3.920001 
2.489998 0.5013596 3.822001 
2.499998 0.5395796 3.724001 
2.509998 0.5768196 3.626001 
2.519998 0.6130796 3.528001 
2.529998 0.6483596 3.430001 
2.539998 0.6826596 3.332001 
2.549998 0.7159796 3.234001 
2.559998 0.7483196 3.136001 
2.569998 0.7796797 3.038001 
2.579998 0.8100597 2.940001 
2.589998 0.8394597 2.842000 
2.599998 0.8678797 2.744000 
2.609998 0.8953197 2.646000 
2.619998 0.9217797 2.548000 
2.629998 0.9472597 2.450000 
2.639998 0.9717597 2.352000 
2.649998 0.9952797 2.254000 
2.659998 1.0178198 2.156000 
2.669998 1.0393797 2.058000 
2.679998 1.0599598 1.960000 
2.689998 1.0795598 1.862000 
2.699998 1.0981798 1.764000 
2.709998 1.1158198 1.666000 
2.719998 1.1324798 1.568000 
2.729998 1.1481597 1.470000 
2.739998 1.1628598 1.372000 
2.749998 1.1765798 1.274000 
2.759998 1.1893198 1.176000 
2.769998 1.2010798 1.078000 
2.779998 1.2118598 0.980000 
2.789998 1.2216598 0.882000 
2.799998 1.2304797 0.784000 
2.809998 1.2383198 0.686000 
2.819998 1.2451798 0.588000 
2.829998 1.2510598 0.490000 
2.839998 1.2559597 0.392000 
2.849998 1.2598797 0.294000 
2.859998 1.2628196 0.196000 
2.869998 1.2647797 0.098000 
2.879998 1.2657597 -0.000000 
2.889998 1.2657597 -0.098000 
2.899998 1.2647797 -0.196000 
2.909998 1.2628196 -0.294000 
2.919998 1.2598796 -0.392000 
2.929998 1.2559596 -0.490000 
2.939998 1.2510597 -0.588000 
2.949998 1.2451797 -0.686000 
2.959998 1.2383196 -0.784000 
2.969998 1.2304796 -0.882000 
2.979998 1.2216595 -0.980000 
2.989998 1.2118596 -1.078000 
2.999998 1.2010796 -1.176000 
